k = 1000; kappa = 100;